[gd_scene load_steps=10 format=3 uid="uid://c8p5y8g55vooa"]

[ext_resource type="PackedScene" uid="uid://dg4tf3qntyfp7" path="res://assets/models/test-platformer-scene2.glb" id="1_kohne"]
[ext_resource type="PackedScene" uid="uid://crhj2fn3ldpb2" path="res://assets/models/test-platformer-scene.glb" id="1_n3nss"]
[ext_resource type="PackedScene" uid="uid://bkv123ayihnev" path="res://scenes/Player.tscn" id="1_uchnr"]
[ext_resource type="Shader" path="res://scripts/PixelShader.gdshader" id="2_0al2u"]

[sub_resource type="Environment" id="Environment_p0b1t"]
background_mode = 1
background_color = Color(0.219743, 0.295311, 0.483328, 1)
background_energy_multiplier = 1.25

[sub_resource type="BoxShape3D" id="BoxShape3D_ng6ft"]
size = Vector3(1, 1, 64.2864)

[sub_resource type="BoxMesh" id="BoxMesh_i2ef5"]
size = Vector3(2, 0.5, 40)

[sub_resource type="ShaderMaterial" id="ShaderMaterial_i0xpl"]
render_priority = 0
shader = ExtResource("2_0al2u")
shader_parameter/depth_threshold = 0.05
shader_parameter/reverse_depth_threshold = 0.25
shader_parameter/normal_threshold = 0.6
shader_parameter/darken_amount = 0.3
shader_parameter/lighten_amount = 1.5
shader_parameter/normal_edge_bias = Vector3(1, 1, 1)
shader_parameter/light_direction = Vector3(-0.96, -0.18, 0.2)

[sub_resource type="QuadMesh" id="QuadMesh_f068h"]
material = SubResource("ShaderMaterial_i0xpl")
flip_faces = true
size = Vector2(2, 2)

[node name="Game" type="Node3D"]

[node name="WorldEnvironment" type="WorldEnvironment" parent="."]
environment = SubResource("Environment_p0b1t")

[node name="SubViewportContainer" type="SubViewportContainer" parent="."]
texture_filter = 1
anchors_preset = 15
anchor_right = 1.0
anchor_bottom = 1.0
grow_horizontal = 2
grow_vertical = 2
stretch = true
stretch_shrink = 2

[node name="SubViewport" type="SubViewport" parent="SubViewportContainer"]
handle_input_locally = false
size = Vector2i(576, 324)
render_target_update_mode = 4

[node name="Scenery" type="Node" parent="SubViewportContainer/SubViewport"]

[node name="StaticBody3D" type="StaticBody3D" parent="SubViewportContainer/SubViewport/Scenery"]

[node name="CollisionShape3D" type="CollisionShape3D" parent="SubViewportContainer/SubViewport/Scenery/StaticBody3D"]
transform = Transform3D(1, 0, 0, 0, 1, 0, 0, 0, 1, 0, -0.475, -3.62019)
shape = SubResource("BoxShape3D_ng6ft")

[node name="test-platformer-scene2" parent="SubViewportContainer/SubViewport/Scenery" instance=ExtResource("1_kohne")]
transform = Transform3D(0.5, 0, 0, 0, 0.5, 0, 0, 0, 0.5, 0, -0.478, 0)

[node name="test-platformer-scene" parent="SubViewportContainer/SubViewport/Scenery" instance=ExtResource("1_n3nss")]
transform = Transform3D(0.5, 0, 0, 0, 0.5, 0, 0, 0, 0.5, 0, -0.477771, 0.0804043)
visible = false

[node name="Floor" type="MeshInstance3D" parent="SubViewportContainer/SubViewport/Scenery"]
transform = Transform3D(1, 0, 0, 0, 1, 0, 0, 0, 1, 0, -0.25, 0)
visible = false
mesh = SubResource("BoxMesh_i2ef5")

[node name="Player" parent="SubViewportContainer/SubViewport/Scenery" instance=ExtResource("1_uchnr")]
transform = Transform3D(1, 0, 0, 0, 1, 0, 0, 0, 1, 0, 0.0208552, 0)

[node name="CameraMount" type="Node3D" parent="SubViewportContainer/SubViewport/Scenery/Player"]

[node name="Camera" type="Camera3D" parent="SubViewportContainer/SubViewport/Scenery/Player/CameraMount"]
transform = Transform3D(-4.27947e-08, -0.203727, 0.979028, -8.9052e-09, 0.979028, 0.203727, -1, 0, -4.37114e-08, 6.52918, 2.5156, 0)

[node name="PostProcessing" type="MeshInstance3D" parent="SubViewportContainer/SubViewport/Scenery/Player/CameraMount/Camera"]
transform = Transform3D(-4.27947e-08, -8.9052e-09, -1, -0.203727, 0.979028, 8.88178e-16, 0.979028, 0.203727, -4.37114e-08, 2.56366e-07, -1.23713, -5.86497)
mesh = SubResource("QuadMesh_f068h")
skeleton = NodePath("../../../../..")

[node name="Lighting" type="Node" parent="."]

[node name="Sun" type="DirectionalLight3D" parent="Lighting"]
transform = Transform3D(-0.0579697, 0.947637, 0.314043, 0.750634, -0.166016, 0.639521, 0.658171, 0.272804, -0.701705, 25.675, 45.7868, -81.0114)

[node name="Sun2" type="DirectionalLight3D" parent="Lighting"]
transform = Transform3D(-0.185028, 0.976642, 0.109243, -0.843243, -0.214869, 0.492719, 0.504683, -0.000951871, 0.863304, 5.4784, 45.7868, 50.5848)
